5 0.07451923076923077 0.4735576923076923 0.027644230769230768 0.04326923076923077
4 0.08533653846153846 0.5709134615384616 0.028846153846153848 0.04447115384615385
3 0.09495192307692307 0.6658653846153846 0.028846153846153848 0.046875
2 0.10096153846153846 0.7572115384615384 0.02403846153846154 0.039663461538461536
0 0.042067307692307696 0.7548076923076923 0.02283653846153846 0.036057692307692304
3 0.23076923076923078 0.6442307692307693 0.028846153846153848 0.052884615384615384
2 0.234375 0.6959134615384616 0.030048076923076924 0.05048076923076923
2 0.3581730769230769 0.1141826923076923 0.046875 0.08173076923076923
3 0.4098557692307692 0.11298076923076923 0.04807692307692308 0.0829326923076923
4 0.46274038461538464 0.11778846153846154 0.046875 0.08173076923076923
5 0.5144230769230769 0.11778846153846154 0.04807692307692308 0.08173076923076923
6 0.5673076923076923 0.1201923076923077 0.04807692307692308 0.08173076923076923
6 0.41586538461538464 0.32091346153846156 0.04326923076923077 0.056490384615384616
4 0.36658653846153844 0.4110576923076923 0.04326923076923077 0.055288461538461536
5 0.4639423076923077 0.41225961538461536 0.042067307692307696 0.054086538461538464
5 0.5132211538461539 0.41466346153846156 0.046875 0.08533653846153846
6 0.4639423076923077 0.3233173076923077 0.04807692307692308 0.08774038461538461
4 0.41466346153846156 0.4110576923076923 0.04807692307692308 0.08653846153846154
2 0.41586538461538464 0.5024038461538461 0.04447115384615385 0.08173076923076923
3 0.4639423076923077 0.5012019230769231 0.040865384615384616 0.05048076923076923
3 0.5108173076923077 0.5024038461538461 0.046875 0.0829326923076923
0 0.4170673076923077 0.5877403846153846 0.04447115384615385 0.07572115384615384
0 0.36899038461538464 0.5853365384615384 0.040865384615384616 0.04927884615384615
1 0.46274038461538464 0.5865384615384616 0.042067307692307696 0.051682692307692304
1 0.5096153846153846 0.5913461538461539 0.04567307692307692 0.078125
0 0.8605769230769231 0.6213942307692307 0.030048076923076924 0.042067307692307696
3 0.8533653846153846 0.6899038461538461 0.028846153846153848 0.042067307692307696
2 0.8461538461538461 0.7560096153846154 0.026442307692307692 0.037259615384615384
2 0.7872596153846154 0.020432692307692308 0.026442307692307692 0.040865384615384616
