0 0.48677884615384615 0.21634615384615385 0.040865384615384616 0.07451923076923077
0 0.7427884615384616 0.2536057692307692 0.036057692307692304 0.06490384615384616
1 0.5516826923076923 0.2283653846153846 0.039663461538461536 0.07572115384615384
1 0.7932692307692307 0.25961538461538464 0.03245192307692308 0.06009615384615385
2 0.49158653846153844 0.8269230769230769 0.039663461538461536 0.07572115384615384
7 0.4891826923076923 0.4110576923076923 0.042067307692307696 0.06971153846153846
6 0.4891826923076923 0.49399038461538464 0.042067307692307696 0.0673076923076923
5 0.4891826923076923 0.5757211538461539 0.04326923076923077 0.06850961538461539
4 0.4891826923076923 0.6598557692307693 0.042067307692307696 0.07211538461538461
3 0.4891826923076923 0.7427884615384616 0.042067307692307696 0.07451923076923077
