6 0.45072115384615385 0.2824519230769231 0.038461538461538464 0.06610576923076923
5 0.45072115384615385 0.36658653846153844 0.038461538461538464 0.06610576923076923
4 0.4519230769230769 0.45072115384615385 0.038461538461538464 0.06490384615384616
3 0.4519230769230769 0.5336538461538461 0.038461538461538464 0.06370192307692307
7 0.5336538461538461 0.5300480769230769 0.036057692307692304 0.06370192307692307
2 0.4519230769230769 0.6141826923076923 0.038461538461538464 0.06490384615384616
0 0.4543269230769231 0.7211538461538461 0.038461538461538464 0.06370192307692307
0 0.49158653846153844 0.7211538461538461 0.037259615384615384 0.06370192307692307
1 0.5336538461538461 0.7199519230769231 0.038461538461538464 0.06370192307692307
1 0.5721153846153846 0.7199519230769231 0.038461538461538464 0.06370192307692307
