7 0.5024038461538461 0.6538461538461539 0.040865384615384616 0.027644230769230768
6 0.5012019230769231 0.6742788461538461 0.039663461538461536 0.027644230769230768
5 0.5 0.6947115384615384 0.038461538461538464 0.027644230769230768
4 0.5 0.7163461538461539 0.040865384615384616 0.027644230769230768
3 0.4987980769230769 0.7391826923076923 0.038461538461538464 0.027644230769230768
2 0.5 0.7608173076923077 0.042067307692307696 0.026442307692307692
7 0.5504807692307693 0.65625 0.042067307692307696 0.028846153846153848
6 0.5504807692307693 0.6766826923076923 0.042067307692307696 0.030048076923076924
5 0.5492788461538461 0.6995192307692307 0.042067307692307696 0.030048076923076924
4 0.5492788461538461 0.7211538461538461 0.042067307692307696 0.028846153846153848
3 0.5480769230769231 0.7439903846153846 0.04326923076923077 0.030048076923076924
