7 0.46033653846153844 0.43028846153846156 0.025240384615384616 0.04447115384615385
6 0.46153846153846156 0.4831730769230769 0.025240384615384616 0.04447115384615385
5 0.46033653846153844 0.5324519230769231 0.025240384615384616 0.04447115384615385
4 0.46153846153846156 0.5829326923076923 0.025240384615384616 0.04447115384615385
3 0.46153846153846156 0.6370192307692307 0.025240384615384616 0.04447115384615385
2 0.46274038461538464 0.6850961538461539 0.025240384615384616 0.04447115384615385
0 0.4651442307692308 0.8401442307692307 0.02283653846153846 0.04447115384615385
1 0.4987980769230769 0.8329326923076923 0.02403846153846154 0.04447115384615385
0 0.8076923076923077 0.7872596153846154 0.02283653846153846 0.038461538461538464
1 0.7788461538461539 0.7920673076923077 0.02283653846153846 0.038461538461538464
