3 0.3629807692307692 0.43509615384615385 0.030048076923076924 0.051682692307692304
4 0.39663461538461536 0.4326923076923077 0.028846153846153848 0.052884615384615384
5 0.42788461538461536 0.4326923076923077 0.028846153846153848 0.04927884615384615
6 0.46033653846153844 0.43028846153846156 0.028846153846153848 0.04927884615384615
7 0.49038461538461536 0.4266826923076923 0.028846153846153848 0.04807692307692308
2 0.3317307692307692 0.6983173076923077 0.06850961538461539 0.1045673076923077
3 0.390625 0.6947115384615384 0.0673076923076923 0.1045673076923077
4 0.4483173076923077 0.6899038461538461 0.06610576923076923 0.10336538461538461
5 0.5084134615384616 0.6875 0.06850961538461539 0.10697115384615384
6 0.5673076923076923 0.6814903846153846 0.06850961538461539 0.10576923076923077
