6 0.5793269230769231 0.11177884615384616 0.06971153846153846 0.1814903846153846
6 0.5120192307692307 0.0733173076923077 0.06129807692307692 0.14543269230769232
6 0.6622596153846154 0.16826923076923078 0.08052884615384616 0.1814903846153846
5 0.5132211538461539 0.26322115384615385 0.051682692307692304 0.1346153846153846
5 0.5733173076923077 0.31971153846153844 0.06129807692307692 0.1466346153846154
5 0.6490384615384616 0.390625 0.06971153846153846 0.1502403846153846
4 0.5144230769230769 0.4266826923076923 0.04927884615384615 0.12139423076923077
4 0.5697115384615384 0.49038461538461536 0.056490384615384616 0.13341346153846154
4 0.6370192307692307 0.5745192307692307 0.06370192307692307 0.14182692307692307
3 0.5144230769230769 0.5685096153846154 0.04326923076923077 0.10817307692307693
3 0.5661057692307693 0.6370192307692307 0.05048076923076923 0.12740384615384615
3 0.6201923076923077 0.7175480769230769 0.054086538461538464 0.12139423076923077
2 0.5144230769230769 0.6862980769230769 0.042067307692307696 0.10336538461538461
2 0.6153846153846154 0.8401442307692307 0.055288461538461536 0.12620192307692307
1 0.45072115384615385 0.7692307692307693 0.027644230769230768 0.07932692307692307
