0 0.4411057692307692 0.5360576923076923 0.04326923076923077 0.037259615384615384
1 0.4879807692307692 0.5348557692307693 0.04326923076923077 0.037259615384615384
7 0.41466346153846156 0.6911057692307693 0.04326923076923077 0.037259615384615384
6 0.41586538461538464 0.7307692307692307 0.04326923076923077 0.037259615384615384
5 0.41586538461538464 0.7680288461538461 0.04326923076923077 0.036057692307692304
4 0.41466346153846156 0.8076923076923077 0.04326923076923077 0.036057692307692304
3 0.41466346153846156 0.8461538461538461 0.04326923076923077 0.036057692307692304
2 0.41466346153846156 0.8822115384615384 0.04326923076923077 0.036057692307692304
1 0.6802884615384616 0.5336538461538461 0.039663461538461536 0.03365384615384615
0 0.7223557692307693 0.5324519230769231 0.042067307692307696 0.03485576923076923
