7 0.24158653846153846 0.28725961538461536 0.13581730769230768 0.13341346153846154
6 0.3641826923076923 0.41466346153846156 0.1201923076923077 0.12620192307692307
5 0.23677884615384615 0.41225961538461536 0.12740384615384615 0.12259615384615384
4 0.3545673076923077 0.5288461538461539 0.11899038461538461 0.109375
3 0.23076923076923078 0.5348557692307693 0.12620192307692307 0.1141826923076923
2 0.3485576923076923 0.6358173076923077 0.11538461538461539 0.10576923076923077
0 0.23076923076923078 0.7668269230769231 0.10817307692307693 0.09495192307692307
1 0.3449519230769231 0.7596153846153846 0.11057692307692307 0.09735576923076923
7 0.7427884615384616 0.27884615384615385 0.13221153846153846 0.14302884615384615
6 0.8377403846153846 0.39663461538461536 0.12379807692307693 0.12139423076923077
5 0.7151442307692307 0.4026442307692308 0.1310096153846154 0.125
4 0.8100961538461539 0.5096153846153846 0.12139423076923077 0.11298076923076923
3 0.6983173076923077 0.5132211538461539 0.12139423076923077 0.1201923076923077
2 0.7872596153846154 0.6153846153846154 0.12740384615384615 0.11658653846153846
0 0.6550480769230769 0.7331730769230769 0.11177884615384616 0.09975961538461539
1 0.7584134615384616 0.7319711538461539 0.1141826923076923 0.09735576923076923
