5 0.4050480769230769 0.3581730769230769 0.07211538461538461 0.07091346153846154
6 0.5348557692307693 0.3605769230769231 0.06971153846153846 0.07091346153846154
4 0.5360576923076923 0.4182692307692308 0.06971153846153846 0.07091346153846154
2 0.5324519230769231 0.47475961538461536 0.06610576923076923 0.06610576923076923
3 0.4074519230769231 0.41586538461538464 0.06610576923076923 0.06610576923076923
0 0.4699519230769231 0.5913461538461539 0.06610576923076923 0.06129807692307692
6 0.5913461538461539 0.37259615384615385 0.055288461538461536 0.040865384615384616
4 0.5901442307692307 0.421875 0.055288461538461536 0.040865384615384616
2 0.5889423076923077 0.46875 0.055288461538461536 0.040865384615384616
5 0.46153846153846156 0.3713942307692308 0.055288461538461536 0.040865384615384616
3 0.46274038461538464 0.4206730769230769 0.055288461538461536 0.040865384615384616
