1 0.5504807692307693 0.1502403846153846 0.07091346153846154 0.07932692307692307
0 0.7427884615384616 0.11057692307692307 0.0985576923076923 0.09615384615384616
6 0.5492788461538461 0.3737980769230769 0.06971153846153846 0.07091346153846154
7 0.6322115384615384 0.37740384615384615 0.08052884615384616 0.07572115384615384
5 0.7247596153846154 0.47716346153846156 0.09014423076923077 0.08052884615384616
3 0.5480769230769231 0.45913461538461536 0.06610576923076923 0.06850961538461539
4 0.6298076923076923 0.4675480769230769 0.07692307692307693 0.07211538461538461
2 0.7211538461538461 0.5709134615384616 0.09014423076923077 0.08052884615384616
1 0.2824519230769231 0.203125 0.038461538461538464 0.057692307692307696
1 0.21033653846153846 0.21875 0.03365384615384615 0.05048076923076923
