5 0.3473557692307692 0.5685096153846154 0.051682692307692304 0.06129807692307692
5 0.3894230769230769 0.5661057692307693 0.04567307692307692 0.05889423076923077
6 0.4338942307692308 0.5637019230769231 0.04567307692307692 0.05889423076923077
6 0.47836538461538464 0.5625 0.04567307692307692 0.05889423076923077
7 0.5240384615384616 0.5600961538461539 0.04927884615384615 0.0625
7 0.5661057692307693 0.5564903846153846 0.04326923076923077 0.056490384615384616
2 0.34975961538461536 0.6334134615384616 0.051682692307692304 0.06129807692307692
2 0.3918269230769231 0.6346153846153846 0.051682692307692304 0.06129807692307692
3 0.4362980769230769 0.6334134615384616 0.051682692307692304 0.06129807692307692
3 0.4795673076923077 0.6286057692307693 0.051682692307692304 0.06129807692307692
4 0.5252403846153846 0.6274038461538461 0.051682692307692304 0.06129807692307692
4 0.5649038461538461 0.6262019230769231 0.042067307692307696 0.05889423076923077
0 0.3557692307692308 0.6995192307692307 0.04567307692307692 0.051682692307692304
