7 0.5564903846153846 0.2403846153846154 0.037259615384615384 0.06850961538461539
5 0.5588942307692307 0.31009615384615385 0.03485576923076923 0.0625
6 0.5949519230769231 0.30288461538461536 0.03245192307692308 0.06490384615384616
4 0.5612980769230769 0.375 0.03365384615384615 0.0625
5 0.5961538461538461 0.36899038461538464 0.03485576923076923 0.06129807692307692
3 0.5612980769230769 0.4375 0.03485576923076923 0.0625
3 0.5973557692307693 0.4326923076923077 0.03485576923076923 0.06129807692307692
2 0.5649038461538461 0.5 0.036057692307692304 0.06009615384615385
0 0.5492788461538461 0.5769230769230769 0.03245192307692308 0.06129807692307692
1 0.6189903846153846 0.5661057692307693 0.03245192307692308 0.06009615384615385
