3 0.35336538461538464 0.44711538461538464 0.013221153846153846 0.010817307692307692
4 0.3713942307692308 0.44711538461538464 0.013221153846153846 0.01201923076923077
5 0.38822115384615385 0.44711538461538464 0.013221153846153846 0.01201923076923077
6 0.4050480769230769 0.4483173076923077 0.01201923076923077 0.01201923076923077
7 0.4206730769230769 0.4483173076923077 0.013221153846153846 0.01201923076923077
2 0.37259615384615385 0.703125 0.025240384615384616 0.020432692307692308
3 0.37259615384615385 0.6730769230769231 0.025240384615384616 0.020432692307692308
4 0.37259615384615385 0.6418269230769231 0.02403846153846154 0.020432692307692308
5 0.37259615384615385 0.6117788461538461 0.026442307692307692 0.020432692307692308
6 0.3713942307692308 0.5817307692307693 0.025240384615384616 0.020432692307692308
7 0.3737980769230769 0.5516826923076923 0.02403846153846154 0.019230769230769232
