7 0.27884615384615385 0.43149038461538464 0.06009615384615385 0.0985576923076923
4 0.28966346153846156 0.5480769230769231 0.06009615384615385 0.09254807692307693
6 0.44350961538461536 0.5637019230769231 0.055288461538461536 0.09014423076923077
2 0.44471153846153844 0.6682692307692307 0.052884615384615384 0.08774038461538461
0 0.3125 0.84375 0.05048076923076923 0.07091346153846154
5 0.6021634615384616 0.578125 0.055288461538461536 0.09254807692307693
3 0.5973557692307693 0.6850961538461539 0.054086538461538464 0.08413461538461539
1 0.5877403846153846 0.8762019230769231 0.05048076923076923 0.07091346153846154
0 0.38100961538461536 0.8509615384615384 0.05889423076923077 0.08052884615384616
1 0.6586538461538461 0.8858173076923077 0.06490384615384616 0.08413461538461539
