7 0.43509615384615385 0.5853365384615384 0.04567307692307692 0.07932692307692307
6 0.5120192307692307 0.6646634615384616 0.04567307692307692 0.07091346153846154
5 0.43509615384615385 0.6646634615384616 0.04567307692307692 0.07451923076923077
4 0.5096153846153846 0.7451923076923077 0.04326923076923077 0.0733173076923077
3 0.4375 0.7427884615384616 0.046875 0.06850961538461539
2 0.5096153846153846 0.8245192307692307 0.040865384615384616 0.0733173076923077
1 0.5096153846153846 0.921875 0.04326923076923077 0.06490384615384616
0 0.4375 0.9242788461538461 0.04326923076923077 0.06490384615384616
1 0.040865384615384616 0.9254807692307693 0.04447115384615385 0.06490384615384616
2 0.027644230769230768 0.8173076923076923 0.040865384615384616 0.06850961538461539
