7 0.48197115384615385 0.33533653846153844 0.039663461538461536 0.03245192307692308
7 0.5252403846153846 0.33533653846153844 0.039663461538461536 0.03245192307692308
6 0.484375 0.38822115384615385 0.039663461538461536 0.03245192307692308
6 0.5276442307692307 0.38822115384615385 0.039663461538461536 0.03245192307692308
5 0.484375 0.4423076923076923 0.039663461538461536 0.03245192307692308
5 0.5276442307692307 0.4423076923076923 0.039663461538461536 0.03245192307692308
4 0.4855769230769231 0.4963942307692308 0.039663461538461536 0.03245192307692308
4 0.5288461538461539 0.4963942307692308 0.039663461538461536 0.03245192307692308
3 0.48677884615384615 0.5528846153846154 0.039663461538461536 0.03245192307692308
3 0.5288461538461539 0.5516826923076923 0.039663461538461536 0.03245192307692308
2 0.4891826923076923 0.6045673076923077 0.039663461538461536 0.03365384615384615
2 0.53125 0.6033653846153846 0.039663461538461536 0.03365384615384615
