7 0.390625 0.4855769230769231 0.037259615384615384 0.04326923076923077
7 0.4338942307692308 0.4831730769230769 0.03485576923076923 0.04567307692307692
6 0.5685096153846154 0.5360576923076923 0.03485576923076923 0.04326923076923077
6 0.6105769230769231 0.5336538461538461 0.03365384615384615 0.04447115384615385
5 0.48197115384615385 0.5408653846153846 0.03365384615384615 0.040865384615384616
5 0.5240384615384616 0.5384615384615384 0.03365384615384615 0.04326923076923077
4 0.3942307692307692 0.5456730769230769 0.03485576923076923 0.040865384615384616
4 0.4362980769230769 0.5432692307692307 0.03485576923076923 0.04567307692307692
3 0.5685096153846154 0.5925480769230769 0.03365384615384615 0.039663461538461536
3 0.6105769230769231 0.5901442307692307 0.03365384615384615 0.04567307692307692
2 0.5252403846153846 0.5961538461538461 0.03365384615384615 0.039663461538461536
0 0.39783653846153844 0.6598557692307693 0.03365384615384615 0.042067307692307696
1 0.40024038461538464 0.7151442307692307 0.03245192307692308 0.040865384615384616
