7 0.7055288461538461 0.8629807692307693 0.025240384615384616 0.04447115384615385
6 0.7475961538461539 0.9110576923076923 0.025240384615384616 0.042067307692307696
5 0.7091346153846154 0.9122596153846154 0.02283653846153846 0.038461538461538464
4 0.75 0.9627403846153846 0.02283653846153846 0.040865384615384616
3 0.7115384615384616 0.9651442307692307 0.02403846153846154 0.04326923076923077
7 0.4483173076923077 0.06610576923076923 0.018028846153846152 0.027644230769230768
6 0.375 0.07211538461538461 0.020432692307692308 0.030048076923076924
5 0.3016826923076923 0.07572115384615384 0.019230769230769232 0.028846153846153848
4 0.2283653846153846 0.08173076923076923 0.019230769230769232 0.027644230769230768
3 0.15625 0.08774038461538461 0.018028846153846152 0.028846153846153848
2 0.08413461538461539 0.09134615384615384 0.018028846153846152 0.027644230769230768
