2 0.22235576923076922 0.13221153846153846 0.030048076923076924 0.02283653846153846
3 0.2620192307692308 0.13822115384615385 0.028846153846153848 0.021634615384615384
4 0.29927884615384615 0.14543269230769232 0.027644230769230768 0.020432692307692308
5 0.33653846153846156 0.15264423076923078 0.027644230769230768 0.021634615384615384
6 0.37259615384615385 0.15865384615384615 0.02403846153846154 0.019230769230769232
7 0.40625 0.16466346153846154 0.02403846153846154 0.019230769230769232
7 0.375 0.6466346153846154 0.02283653846153846 0.018028846153846152
6 0.3786057692307692 0.6814903846153846 0.02403846153846154 0.019230769230769232
5 0.3798076923076923 0.7175480769230769 0.02283653846153846 0.018028846153846152
4 0.38221153846153844 0.7536057692307693 0.02403846153846154 0.021634615384615384
3 0.38461538461538464 0.7884615384615384 0.02283653846153846 0.019230769230769232
2 0.3870192307692308 0.8245192307692307 0.02403846153846154 0.019230769230769232
