7 0.37740384615384615 0.3317307692307692 0.11899038461538461 0.06850961538461539
7 0.4963942307692308 0.3293269230769231 0.1310096153846154 0.07451923076923077
6 0.3786057692307692 0.4014423076923077 0.11899038461538461 0.07091346153846154
6 0.5 0.4014423076923077 0.1310096153846154 0.07451923076923077
5 0.38341346153846156 0.47115384615384615 0.12139423076923077 0.06971153846153846
5 0.49759615384615385 0.47115384615384615 0.12379807692307693 0.07451923076923077
4 0.38461538461538464 0.5372596153846154 0.125 0.06850961538461539
4 0.4987980769230769 0.5396634615384616 0.12740384615384615 0.06971153846153846
3 0.38461538461538464 0.6057692307692307 0.12259615384615384 0.0673076923076923
3 0.5024038461538461 0.6069711538461539 0.12740384615384615 0.06971153846153846
2 0.3858173076923077 0.671875 0.12259615384615384 0.06610576923076923
2 0.5024038461538461 0.6730769230769231 0.12620192307692307 0.06971153846153846
