7 0.0625 0.31850961538461536 0.055288461538461536 0.0625
6 0.06850961538461539 0.3858173076923077 0.055288461538461536 0.06009615384615385
5 0.07572115384615384 0.45072115384615385 0.05048076923076923 0.055288461538461536
2 0.09495192307692307 0.6346153846153846 0.046875 0.054086538461538464
0 0.055288461538461536 0.8641826923076923 0.06850961538461539 0.06850961538461539
1 0.1201923076923077 0.8425480769230769 0.04927884615384615 0.06009615384615385
7 0.7079326923076923 0.6225961538461539 0.057692307692307696 0.08533653846153846
5 0.9663461538461539 0.875 0.06490384615384616 0.078125
2 0.7608173076923077 0.7800480769230769 0.057692307692307696 0.07451923076923077
0 0.6538461538461539 0.8329326923076923 0.06850961538461539 0.09014423076923077
1 0.7295673076923077 0.8737980769230769 0.056490384615384616 0.0829326923076923
